0 0.5192695958784601 0.9014759720719058 0.4955681333545444 0.16199530140036061
0 0.4754570558959593 0.7720424633990879 0.49066245735199915 0.14319075739972434
0 0.5843877079090042 0.6772032254137236 0.46244655068427176 0.13505099339590618
0 0.4346700659214127 0.5840424767265882 0.4842306440165446 0.12749303206554252
0 0.5521944679344576 0.4893032360757238 0.4893181333545444 0.1619225760661788
0 0.5437109006206384 0.34543505740767844 0.40906701201463563 0.11255782805536114
0 0.46585916796627436 0.25389190006363344 0.4404442813494537 0.12385895472627002
0 0.5555136559914094 0.06975380474217834 0.45099997334499947 0.0911737240610881
0 0.44392162798377355 0.12471293006045177 0.41860564401654476 0.12672941605663376
0 0.4179654659452752 0.4080430507240428 0.41542610001590835 0.12200555338954296
0 0.5790227866406831 0.19816970607890547 0.40924882535009016 0.12818282805536105