0 0.642966774785131 0.8858140875165283 0.5324874253659985 0.2283718249669434
0 0.5611253341024498 0.7836346093383673 0.5244385680299077 0.24766280981333716
0 0.6424742367520415 0.6621933785602442 0.49306129869508963 0.23508756671074202
0 0.46452141207826914 0.6005554364530173 0.5148817546944532 0.2315464868825586
0 0.5544186113939972 0.4756583350281078 0.523094244032453 0.2663309226582074
0 0.5035544507081344 0.3316726396415206 0.43488517202418076 0.2008077419709413
0 0.39961129069858947 0.255955587402957 0.46633516669318065 0.21963298507353635
0 0.4396443026734542 0.07301029059146028 0.46678860534690847 0.12440237222866606
0 0.3395721246817266 0.12866606908559128 0.44596812269254427 0.2138809520568495
0 0.39687828405472475 0.42367867593756775 0.44124426002545336 0.21051029059146026
0 0.49624029535327174 0.1727922845985665 0.43821016669318064 0.21815901628120077